E: 1573255445.422785 0004 0004 205
E: 1573255445.422785 0001 006a 1
E: 1573255445.422785 0000 0000 0
E: 1573255445.610550 0004 0004 205
E: 1573255445.610550 0001 006a 0
E: 1573255445.610550 0000 0000 0
E: 1573255446.099246 0004 0004 205
E: 1573255446.099246 0001 006a 1
E: 1573255446.099246 0000 0000 0
E: 1573255446.312710 0004 0004 205
E: 1573255446.312710 0001 006a 0
E: 1573255446.312710 0000 0000 0
E: 1573255447.171207 0004 0004 28
E: 1573255447.171207 0001 001c 1
E: 1573255447.171207 0000 0000 0
E: 1573255447.284635 0004 0004 28
E: 1573255447.284635 0001 001c 0
E: 1573255447.284635 0000 0000 0
E: 1573255447.891166 0004 0004 208
E: 1573255447.891166 0001 006c 1
E: 1573255447.891166 0000 0000 0
E: 1573255448.068082 0004 0004 208
E: 1573255448.068082 0001 006c 0
E: 1573255448.068082 0000 0000 0
E: 1573255448.718696 0004 0004 28
E: 1573255448.718696 0001 001c 1
E: 1573255448.718696 0000 0000 0
E: 1573255448.847258 0004 0004 28
E: 1573255448.847258 0001 001c 0
E: 1573255448.847258 0000 0000 0
E: 1573255449.640591 0004 0004 205
E: 1573255449.640591 0001 006a 1
E: 1573255449.640591 0000 0000 0
E: 1573255449.844752 0004 0004 205
E: 1573255449.844752 0001 006a 0
E: 1573255449.844752 0000 0000 0
E: 1573255450.145235 0004 0004 205
E: 1573255450.145235 0001 006a 1
E: 1573255450.145235 0000 0000 0
E: 1573255450.312981 0004 0004 205
E: 1573255450.312981 0001 006a 0
E: 1573255450.312981 0000 0000 0
E: 1573255450.572339 0004 0004 205
E: 1573255450.572339 0001 006a 1
E: 1573255450.572339 0000 0000 0
E: 1573255450.765852 0004 0004 205
E: 1573255450.765852 0001 006a 0
E: 1573255450.765852 0000 0000 0
E: 1573255451.004950 0004 0004 205
E: 1573255451.004950 0001 006a 1
E: 1573255451.004950 0000 0000 0
E: 1573255451.175784 0004 0004 205
E: 1573255451.175784 0001 006a 0
E: 1573255451.175784 0000 0000 0
E: 1573255451.461346 0004 0004 205
E: 1573255451.461346 0001 006a 1
E: 1573255451.461346 0000 0000 0
E: 1573255451.616988 0004 0004 205
E: 1573255451.616988 0001 006a 0
E: 1573255451.616988 0000 0000 0
E: 1573255451.927713 0004 0004 205
E: 1573255451.927713 0001 006a 1
E: 1573255451.927713 0000 0000 0
E: 1573255452.088847 0004 0004 205
E: 1573255452.088847 0001 006a 0
E: 1573255452.088847 0000 0000 0
E: 1573255452.841906 0004 0004 28
E: 1573255452.841906 0001 001c 1
E: 1573255452.841906 0000 0000 0
E: 1573255452.954271 0004 0004 28
E: 1573255452.954271 0001 001c 0
E: 1573255452.954271 0000 0000 0
E: 1573255530.830995 0004 0004 1
E: 1573255530.830995 0001 0001 1
E: 1573255530.830995 0000 0000 0
E: 1573255531.002859 0004 0004 1
E: 1573255531.002859 0001 0001 0
E: 1573255531.002859 0000 0000 0
E: 1573255531.562829 0004 0004 1
E: 1573255531.562829 0001 0001 1
E: 1573255531.562829 0000 0000 0
E: 1573255531.734370 0004 0004 1
E: 1573255531.734370 0001 0001 0
E: 1573255531.734370 0000 0000 0
E: 1573255532.265410 0004 0004 1
E: 1573255532.265410 0001 0001 1
E: 1573255532.265410 0000 0000 0
E: 1573255532.448493 0004 0004 1
E: 1573255532.448493 0001 0001 0
E: 1573255532.448493 0000 0000 0
