0000000   1  \n   2  \n   3  \n   4  \n   5  \n   6  \n   7  \n   8  \n
0000020   9  \n   1   0  \n   1   1  \n   1   2  \n   1   3  \n   1   4
0000040  \n   1   5  \n   1   6  \n   1   7  \n   1   8  \n   1   9  \n
0000060   2   0  \n   2   1  \n   2   2  \n   2   3  \n   2   4  \n   2
0000100   5  \n   2   6  \n   2   7  \n   2   8  \n   2   9  \n   3   0
0000120  \n   3   1  \n   3   2  \n   3   3  \n   3   4  \n   3   5  \n
0000140   3   6  \n   3   7  \n   3   8  \n   3   9  \n   4   0  \n   4
0000160   1  \n   4   2  \n   4   3  \n   4   4  \n   4   5  \n   4   6
0000200  \n   4   7  \n   4   8  \n   4   9  \n   5   0  \n   5   1  \n
0000220   5   2  \n   5   3  \n   5   4  \n   5   5  \n   5   6  \n   5
0000240   7  \n   5   8  \n   5   9  \n   6   0  \n   6   1  \n   6   2
0000260  \n   6   3  \n   6   4  \n   6   5  \n   6   6  \n   6   7  \n
0000300   6   8  \n   6   9  \n   7   0  \n   7   1  \n   7   2  \n   7
0000320   3  \n   7   4  \n   7   5  \n   7   6  \n   7   7  \n   7   8
0000340  \n   7   9  \n   8   0  \n   8   1  \n   8   2  \n   8   3  \n
0000360   8   4  \n   8   5  \n   8   6  \n   8   7  \n   8   8  \n   8
0000400   9  \n   9   0  \n   9   1  \n   9   2  \n   9   3  \n   9   4
0000420  \n   9   5  \n   9   6  \n   9   7  \n   9   8  \n   9   9  \n
0000440   1   0   0  \n   1   0   1  \n   1   0   2  \n   1   0   3  \n
0000460   1   0   4  \n   1   0   5  \n   1   0   6  \n   1   0   7  \n
0000500   1   0   8  \n   1   0   9  \n   1   1   0  \n   1   1   1  \n
0000520   1   1   2  \n   1   1   3  \n   1   1   4  \n   1   1   5  \n
0000540   1   1   6  \n   1   1   7  \n   1   1   8  \n   1   1   9  \n
0000560   1   2   0  \n   1   2   1  \n   1   2   2  \n   1   2   3  \n
0000600   1   2   4  \n   1   2   5  \n   1   2   6  \n   1   2   7  \n
0000620   1   2   8  \n   1   2   9  \n   1   3   0  \n   1   3   1  \n
0000640   1   3   2  \n   1   3   3  \n   1   3   4  \n   1   3   5  \n
0000660   1   3   6  \n   1   3   7  \n   1   3   8  \n   1   3   9  \n
0000700   1   4   0  \n   1   4   1  \n   1   4   2  \n   1   4   3  \n
0000720   1   4   4  \n   1   4   5  \n   1   4   6  \n   1   4   7  \n
0000740   1   4   8  \n   1   4   9  \n   1   5   0  \n   1   5   1  \n
0000760   1   5   2  \n   1   5   3  \n   1   5   4  \n   1   5   5  \n
0001000   1   5   6  \n   1   5   7  \n   1   5   8  \n   1   5   9  \n
0001020   1   6   0  \n   1   6   1  \n   1   6   2  \n   1   6   3  \n
0001040   1   6   4  \n   1   6   5  \n   1   6   6  \n   1   6   7  \n
0001060   1   6   8  \n   1   6   9  \n   1   7   0  \n   1   7   1  \n
0001100   1   7   2  \n   1   7   3  \n   1   7   4  \n   1   7   5  \n
0001120   1   7   6  \n   1   7   7  \n   1   7   8  \n   1   7   9  \n
0001140   1   8   0  \n   1   8   1  \n   1   8   2  \n   1   8   3  \n
0001160   1   8   4  \n   1   8   5  \n   1   8   6  \n   1   8   7  \n
0001200   1   8   8  \n   1   8   9  \n   1   9   0  \n   1   9   1  \n
0001220   1   9   2  \n   1   9   3  \n   1   9   4  \n   1   9   5  \n
0001240   1   9   6  \n   1   9   7  \n   1   9   8  \n   1   9   9  \n
0001260   2   0   0  \n   2   0   1  \n   2   0   2  \n   2   0   3  \n
0001300   2   0   4  \n   2   0   5  \n   2   0   6  \n   2   0   7  \n
0001320   2   0   8  \n   2   0   9  \n   2   1   0  \n   2   1   1  \n
0001340   2   1   2  \n   2   1   3  \n   2   1   4  \n   2   1   5  \n
0001360   2   1   6  \n   2   1   7  \n   2   1   8  \n   2   1   9  \n
0001400   2   2   0  \n   2   2   1  \n   2   2   2  \n   2   2   3  \n
0001420   2   2   4  \n   2   2   5  \n   2   2   6  \n   2   2   7  \n
0001440   2   2   8  \n   2   2   9  \n   2   3   0  \n   2   3   1  \n
0001460   2   3   2  \n   2   3   3  \n   2   3   4  \n   2   3   5  \n
0001500   2   3   6  \n   2   3   7  \n   2   3   8  \n   2   3   9  \n
0001520   2   4   0  \n   2   4   1  \n   2   4   2  \n   2   4   3  \n
0001540   2   4   4  \n   2   4   5  \n   2   4   6  \n   2   4   7  \n
0001560   2   4   8  \n   2   4   9  \n   2   5   0  \n   2   5   1  \n
0001600   2   5   2  \n   2   5   3  \n   2   5   4  \n   2   5 